Webots Project File version R2022a
perspectives: 000000ff00000000fd00000002000000010000012400000182fc0200000001fb0000001400540065007800740045006400690074006f00720100000016000001820000003c00ffffff0000000300000558000000d8fc0100000001fb0000001a0043006f006e0073006f006c00650041006c006c0041006c006c0100000000000005580000005400ffffff0000042e0000018200000001000000020000000100000008fc00000000
simulationViewPerspectives: 000000ff000000010000000200000118000000c10100000006010000000100
sceneTreePerspectives: 000000ff0000000100000002000000c0000000fc0100000006010000000200
maximizedDockId: -1
centralWidgetVisible: 1
orthographicViewHeight: 1
textFiles: -1
consoles: Console:All:All
renderingDevicePerspectives: laptop:display;1;0.16129;0;0
renderingDevicePerspectives: television:display;1;0.78125;0;0
